0	1001
0	1002
0	1003
0	1004
0	1005
0	1006
0	1007
0	1008
0	1009
0	1010
0	1011
0	1019
0	1020
0	1021
0	1022
0	1023
0	1024
0	1025
0	1026
0	1027
0	1028
0	1029
0	1030
0	1031
0	1032
0	1033
0	1034
0	1035
0	1036
0	1037
0	1038
0	1039
0	1040
1050	5001
1050	5002
1050	5003
1050	5004
1050	5005
1050	5006
1050	5096
1050	5097
1050	5098
1050	5099
1050	5100
1051	5101
1051	5102
1051	5103
1051	5104
1051	5105
1051	5106
1051	5196
1051	5197
1051	5198
1051	5199
1051	5200
1052	5201
1052	5202
1052	5203
1052	5204
1052	5205
1052	5206
1052	5296
1052	5297
1052	5298
1052	5299
1052	5300
1053	5301
1053	5302
1053	5303
1053	5304
1053	5305
1053	5306
1053	5396
1053	5397
1053	5398
1053	5399
1053	5400
1054	5401
1054	5402
1054	5403
1054	5404
1054	5405
1054	5406
1054	5496
1054	5497
1054	5498
1054	5499
1054	5500
1055	5501
1055	5502
1055	5503
1055	5504
1055	5505
1055	5506
1055	5596
1055	5597
1055	5598
1055	5599
1055	5600
1056	5601
1056	5602
1056	5603
1056	5604
1056	5605
1056	5606
1056	5696
1056	5697
1056	5698
1056	5699
1056	5700
1057	5701
1057	5702
1057	5703
1057	5704
1057	5705
1057	5706
1057	5796
1057	5797
1057	5798
1057	5799
1057	5800
1058	5801
1058	5802
1058	5803
1058	5804
1058	5805
1058	5806
1058	5896
1058	5897
1058	5898
1058	5899
1058	5900
1059	5901
1059	5902
1059	5903
1059	5904
1059	5905
1059	5906
1059	5996
1059	5997
1059	5998
1059	5999
1059	6000
1060	6001
1060	6002
1060	6003
1060	6004
1060	6005
1060	6006
1060	6096
1060	6097
1060	6098
1060	6099
1060	6100
1061	6101
1061	6102
1061	6103
1061	6104
1061	6105
1061	6106
1061	6196
1061	6197
1061	6198
1061	6199
1061	6200
1062	6201
1062	6202
1062	6203
1062	6204
1062	6205
1062	6206
1062	6296
1062	6297
1062	6298
1062	6299
1062	6300
1063	6301
1063	6302
1063	6303
1063	6304
1063	6305
1063	6306
1063	6396
1063	6397
1063	6398
1063	6399
1063	6400
1064	6401
1064	6402
1064	6403
1064	6404
1064	6405
1064	6406
1064	6496
1064	6497
1064	6498
1064	6499
1064	6500
1065	6501
1065	6502
1065	6503
1065	6504
1065	6505
1065	6506
1065	6596
1065	6597
1065	6598
1065	6599
1065	6600
1066	6601
1066	6602
1066	6603
1066	6604
1066	6605
1066	6606
1066	6696
1066	6697
1066	6698
1066	6699
1066	6700
1067	6701
1067	6702
1067	6703
1067	6704
1067	6705
1067	6706
1067	6796
1067	6797
1067	6798
1067	6799
1067	6800
1068	6801
1068	6802
1068	6803
1068	6804
1068	6805
1068	6806
1068	6896
1068	6897
1068	6898
1068	6899
1068	6900
1069	6901
1069	6902
1069	6903
1069	6904
1069	6905
1069	6906
1069	6996
1069	6997
1069	6998
1069	6999
1069	7000
1070	7001
1070	7002
1070	7003
1070	7004
1070	7005
1070	7006
1070	7096
1070	7097
1070	7098
1070	7099
1070	7100
1071	7101
1071	7102
1071	7103
1071	7104
1071	7105
1071	7106
1071	7196
1071	7197
1071	7198
1071	7199
1071	7200
1072	7201
1072	7202
1072	7203
1072	7204
1072	7205
1072	7206
1072	7296
1072	7297
1072	7298
1072	7299
1072	7300
1073	7301
1073	7302
1073	7303
1073	7304
1073	7305
1073	7306
1073	7396
1073	7397
1073	7398
1073	7399
1073	7400
1074	7401
1074	7402
1074	7403
1074	7404
1074	7405
1074	7406
1074	7496
1074	7497
1074	7498
1074	7499
1074	7500
1075	7501
1075	7502
1075	7503
1075	7504
1075	7505
1075	7506
1075	7596
1075	7597
1075	7598
1075	7599
1075	7600
1076	7601
1076	7602
1076	7603
1076	7604
1076	7605
1076	7606
1076	7696
1076	7697
1076	7698
1076	7699
1076	7700
1077	7701
1077	7702
1077	7703
1077	7704
1077	7705
1077	7706
1077	7796
1077	7797
1077	7798
1077	7799
1077	7800
1078	7801
1078	7802
1078	7803
1078	7804
1078	7805
1078	7806
1078	7896
1078	7897
1078	7898
1078	7899
1078	7900
1079	7901
1079	7902
1079	7903
1079	7904
1079	7905
1079	7906
1079	7996
1079	7997
1079	7998
1079	7999
1079	8000
1080	8001
1080	8002
1080	8003
1080	8004
1080	8005
1080	8006
1080	8096
1080	8097
1080	8098
1080	8099
1080	8100
1081	8101
1081	8102
1081	8103
1081	8104
1081	8105
1081	8106
1081	8196
1081	8197
1081	8198
1081	8199
1081	8200
1082	8201
1082	8202
1082	8203
1082	8204
1082	8205
1082	8206
1082	8296
1082	8297
1082	8298
1082	8299
1082	8300
1083	8301
1083	8302
1083	8303
1083	8304
1083	8305
1083	8306
1083	8396
1083	8397
1083	8398
1083	8399
1083	8400
1084	8401
1084	8402
1084	8403
1084	8404
1084	8405
1084	8406
1084	8496
1084	8497
1084	8498
1084	8499
1084	8500
1085	8501
1085	8502
1085	8503
1085	8504
1085	8505
1085	8506
1085	8596
1085	8597
1085	8598
1085	8599
1085	8600
1086	8601
1086	8602
1086	8603
1086	8604
1086	8605
1086	8606
1086	8696
1086	8697
1086	8698
1086	8699
1086	8700
1087	8701
1087	8702
1087	8703
1087	8704
1087	8705
1087	8706
1087	8796
1087	8797
1087	8798
1087	8799
1087	8800
1088	8801
1088	8802
1088	8803
1088	8804
1088	8805
1088	8806
1088	8896
1088	8897
1088	8898
1088	8899
1088	8900
1089	8901
1089	8902
1089	8903
1089	8904
1089	8905
1089	8906
1089	8996
1089	8997
1089	8998
1089	8999
1089	9000
1090	9001
1090	9002
1090	9003
1090	9004
1090	9005
1090	9006
1090	9096
1090	9097
1090	9098
1090	9099
1090	9100
1091	9101
1091	9102
1091	9103
1091	9104
1091	9105
1091	9106
1091	9196
1091	9197
1091	9198
1091	9199
1091	9200
1092	9201
1092	9202
1092	9203
1092	9204
1092	9205
1092	9206
1092	9296
1092	9297
1092	9298
1092	9299
1092	9300
1093	9301
1093	9302
1093	9303
1093	9304
1093	9305
1093	9306
1093	9396
1093	9397
1093	9398
1093	9399
1093	9400
1094	9401
1094	9402
1094	9403
1094	9404
1094	9405
1094	9406
1094	9496
1094	9497
1094	9498
1094	9499
1094	9500
1095	9501
1095	9502
1095	9503
1095	9504
1095	9505
1095	9506
1095	9596
1095	9597
1095	9598
1095	9599
1095	9600
1096	9601
1096	9602
1096	9603
1096	9604
1096	9605
1096	9606
1096	9696
1096	9697
1096	9698
1096	9699
1096	9700
1097	9701
1097	9702
1097	9703
1097	9704
1097	9705
1097	9706
1097	9796
1097	9797
1097	9798
1097	9799
1097	9800
1098	9801
1098	9802
1098	9803
1098	9804
1098	9805
1098	9806
1098	9896
1098	9897
1098	9898
1098	9899
1098	9900
1099	9901
1099	9902
1099	9903
1099	9904
1099	9905
1099	9906
1099	9996
1099	9997
1099	9998
1099	9999
1201	1041
1201	1042
1201	1043
1201	1044
1201	1045
1201	1046
1201	1047
1201	1048
1201	1049
1201	1050
1201	1051
1201	1052
1201	1053
1201	1054
1201	1055
1201	1056
1201	1057
1201	1058
1201	1062
1201	1059
1201	1061
1201	1060
1201	1066
1201	1063
1201	1065
1201	1064
1201	1070
1201	1067
1201	1069
1201	1068
1400	1093
1400	1094
1400	1095
1400	1096
1401	1093
1401	1094
1401	1095
1401	1096
2000	1093
2000	1094
2000	1095
2000	1096