3291
0
2924
0
2925
0
2926
0
3292
1
2927
1
2928
1
2929
1
2930
1
3293
2
2931
2
2932
2
2933
2
2934
0
2935
0
2936
0
2937
1
2938
1
2939
1
2940
1
2941
2
2942
2
2943
2
2944
0
2945
0
2946
0
2947
1
2948
1
2949
1
2950
1
2951
2
2952
2
2953
2
2954
0
2955
0
2956
0
2957
1
2958
1
2959
1
2960
1
2961
2
2962
2
2963
2
2964
0
2965
0
2966
0
2967
1
2968
1
2969
1
2970
1
2971
2
2972
2
2973
2
2974
0
2975
0
2976
0
2977
1
2978
1
2979
1
2980
2
2981
2
2982
2
2983
0
2984
0
2985
0
2986
1
2987
1
2988
1
2989
2
2990
2
2991
2
2992
0
2993
0
2994
0
2995
1
2996
1
2997
1
2998
2
2999
2
3000
2
3001
0
3002
0
3003
0
3004
1
3005
1
3006
1
3007
2
3008
2
3009
2
3010
0
3011
0
3012
0
3013
1
3014
1
3015
1
3016
2
3017
2
3018
2
3019
3
3020
3
3021
3
3022
3
3023
3
3024
3
3025
3
3026
3
3027
3
3028
3
3029
3
3030
3
3031
3
3032
3
3033
3
3034
3
3035
3
3037
3
3038
3
3039
3
3040
3
3041
3
3042
3
3043
3
3044
3
3045
3
3046
3
3047
3
3048
3
3049
3
3161
3
3162
3
3163
3
3164
3
3050
4
3051
4
3052
4
3053
4
3054
4
3055
4
3056
4
3057
4
3058
4
3059
4
3060
4
3061
4
3062
4
3063
4
3064
4
3065
4
3066
4
3067
4
3068
4
3069
4
3070
4
3071
4
3072
4
3073
4
3074
4
3075
4
3076
4
3077
4
3078
4
3079
4
3080
4
3081
4
3082
4
3083
4
3084
4
3085
4
3086
4
3087
4
3088
4
3089
4
3090
4
3091
4
3092
4
3093
4
3094
4
3095
4
3096
4
3097
4
3098
4
3099
4
3100
4
3101
4
3102
4
3103
4
3104
4
3105
4
3106
4
3107
4
3108
4
3109
4
3110
4
3111
4
3112
4
3113
4
3114
4
3115
4
3116
4
3117
4
3118
4
3119
4
3120
4
3121
4
3122
4
3123
4
3124
4
3125
4
3126
4
3127
4
3128
4
3129
4
3130
4
3131
4
3132
4
3133
4
3134
4
3135
4
3136
4
3137
4
3138
4
3139
4
3140
4
3141
4
3142
4
3143
4
3144
4
3145
4
3146
4
3147
4
3148
4
3149
4
3165
4
3166
4
3167
4
3168
4
3169
4
3170
4
3171
4
3172
4
3173
4
3174
4
3175
4
3176
4
3177
4
3178
4
3179
4
3180
4
3181
4
3182
4
3183
4
3184
4
3185
4
3186
4
3187
4
3815
0
3816
0
3817
0
3818
1
3819
1
3820
1
3821
1
3822
2
3823
2
3824
2
3825
0
3826
0
3827
0
3828
1
3829
1
3830
1
3831
1
3832
2
3833
2
3834
2
3835
0
3836
0
3837
0
3838
1
3839
1
3840
1
3841
1
3842
2
3843
2
3844
2
3845
0
3846
0
3847
0
3848
1
3849
1
3850
1
3851
1
3852
2
3853
2
3854
2
3855
0
3856
0
3857
0
3858
1
3859
1
3860
1
3861
1
3862
2
3863
2
3864
2
3865
4
3866
4
3867
4
3868
4
3869
4
3870
4
3871
4
3872
4
3873
4
3874
4
3875
4
3876
4
3877
4
3878
4
3879
4
3880
4
3881
4
3882
4
3883
4
3884
4
3885
4
3886
4
3887
4
3888
4
3889
4
3890
4
3891
4
3892
4
3893
4
3894
4
3895
4
3896
4
3897
4
3898
4
3899
4
3900
4
3901
4
3902
4
3903
4
3904
4
3905
4
3906
4
3907
4
3908
4
3909
4
3910
4
3911
4
3912
4
3913
4
3914
4
3917
4
3918
4
3919
4
3920
4
3921
4
3922
4
3923
4
3924
4
3925
4
3926
4
3927
4
3928
4
3929
4
3930
4
3931
4
3932
4
3933
4
3934
4
3935
4
3936
4
3937
4
3938
4
3939
4
3940
4
3941
4
3942
4
3943
4
3944
4
3945
4
3946
4
3947
4
3948
4
3949
4
3950
4
3951
4
3952
4
3953
4
3954
4
3955
4
3956
4
3957
4
3958
4
3959
4
3960
4
3961
4
3962
4
3963
4
3964
4
3965
4
3966
4
4077
2
4078
2
4079
2
4080
2
4081
3