1	1648	1	335	291	356
2	1649	1	209	289	406
3	1650	1	391	0	331
4	1651	1	211	288	314
5	1652	1	316	285	294
6	1653	1	360	285	259
7	1654	1	182	289	327
8	1655	1	93	2821	175
9	1656	1	352	0	117
10	1657	1	-205	282	175
11	1658	1	-214	282	122
12	1659	1	-229	280	-57
13	1660	1	-173	282	-186
14	1661	1	-160	282	-154
15	1662	1	-30	282	-132
16	1663	1	415	30	-318
17	1735	1	-45	295	-299
18	1736	1	-47	295	-299
19	1751	1	339	292	360
20	1875	1	343	303	-331
21	1877	1	-180	282	182
22	1878	1	-182	0	146
23	1879	1	-206	282	184
24	1880	1	-201	282	134
25	1881	2	-169	0	172
26	1882	1	-168	282	-152
27	1883	1	-205	282	169
28	1884	1	-190	282	110
29	1885	2	273	295	-249
30	1890	2	-288	0	292
31	1891	2	-298	291	278
32	1893	2	-345	291	300
33	1895	3	-82	116	128
34	1899	0	0	0	0
35	1900	3	12	0	-398
36	1901	3	-11	111	-403
37	1903	3	117	119	-273
38	1905	7	231	0	191
39	1906	7	211	0	169
40	1907	7	254	0	136
41	1908	7	261	301	162
42	1909	7	255	301	103
43	1910	7	90	300	190
44	1911	7	181	0	93
45	1912	7	17	0	153
46	1913	7	180	0	153
47	1914	0	0	0	0
48	1915	7	230	0	136
49	1917	1	-45	0	-285
50	1918	7	221	0	141
51	1919	1	-43	0	-289
52	1920	7	212	0	136
53	1921	1	352	0	-348
54	1922	7	230	0	136
55	1923	1	352	303	-351
56	1924	7	230	0	126
57	1925	2	-280	0	276
58	1926	7	221	0	121
59	1927	2	-307	0	341
60	1928	7	213	0	126
61	1929	1	-232	0	107
62	1930	7	234	0	98
63	1932	7	217	0	104
64	2096	3	145	117	-204
65	2107	0	0	0	0
66	2114	0	0	0	0
67	2201	3	220	161	415
68	2202	3	307	0	115
69	2203	3	418	139	95
70	2204	3	302	139	114
71	2206	3	-22	142	298
72	2207	3	20	132	308
73	2208	3	25	132	314
74	2209	3	-11	132	276
75	2210	3	-22	0	298
76	2211	0	0	0	0
77	2212	3	-22	132	280
78	2213	3	28	132	331
79	2214	0	0	0	0
80	2215	3	-22	149	298
81	2216	0	0	0	0
82	2218	3	-83	146	367
83	2219	3	-64	116	114
84	2220	3	-348	141	411
85	2221	3	-69	116	127
86	2222	3	-86	116	125
87	2223	3	-74	116	128
88	2224	3	91	110	133
89	2225	3	-44	116	104
90	2226	3	-47	116	104
91	2227	3	-334	110	73
92	2228	3	-337	110	72
93	2229	3	-334	110	71
94	2230	3	-394	109	68
95	2231	3	177	119	-328
96	2232	3	167	111	-34
97	2233	3	85	111	-340
98	2234	3	194	123	-47
99	2235	3	145	118	-251
100	2236	3	13	112	-341
101	2237	3	20	111	-353
102	2238	3	178	119	-336
103	2239	3	1	119	-239
104	2240	3	-51	111	-364
105	2241	3	-264	110	73
106	2242	3	177	110	-93
107	2243	3	-453	130	307
108	2244	3	131	115	-412
109	2245	3	351	109	-182
110	2251	0	0	0	0
111	2379	3	-179	130	459
112	2440	3	-183	114	-402
113	2460	3	311	139	108
114	2461	3	291	139	116
115	2483	1	-190	282	157
116	2484	1	-196	282	156
117	2485	2	-376	290	370
118	2487	3	165	0	-332
119	2488	3	163	117	-327
120	2489	7	250	0	322
121	2490	7	31	0	334
122	2493	7	262	307	324
123	2494	7	37	305	337
124	2676	2	226	300	392
125	2677	2	291	300	188
126	2678	2	346	300	216
127	2680	2	-305	291	296
128	2681	2	-362	291	367
129	2682	2	21	291	208
130	2683	2	-379	291	285
131	2684	7	196	300	173
132	2685	2	-329	291	404
133	2687	2	-350	291	310
134	2689	2	-348	291	281
135	2690	2	-168	298	107
136	2691	2	-284	291	369
137	2692	2	-338	291	295
138	2693	2	-418	298	166
139	2694	2	171	298	-150
140	2695	2	194	291	-110
141	2696	2	230	291	-139
142	2697	2	161	291	-132
143	2698	2	383	289	-35
144	2699	2	-287	291	324
145	2700	2	274	295	-244
146	2701	2	273	295	-253
147	2702	0	0	0	0
148	2703	0	0	0	0
149	2704	2	152	291	-157
150	2705	0	0	0	0
151	2706	0	0	0	0
152	2707	2	-42	298	-322
153	2708	2	-170	310	-328
154	2709	2	-110	306	-7
155	2710	2	383	295	-219
156	2711	2	102	307	309
157	2784	2	-284	0	330
158	2787	2	-304	291	313
159	2797	2	-371	291	281
160	2802	7	240	300	187
161	2803	2	-397	291	368
162	2809	7	174	300	111
163	2812	7	196	300	185
164	3150	1	-204	282	110
165	3151	1	-225	282	143
166	3152	1	-262	302	410
167	3162	7	17	305	320
168	3163	6	472	222	-308
169	3165	1	95	283	202
170	3166	7	163	0	203
171	3167	7	23	0	333
172	3168	7	216	0	142
173	3171	7	123	0	77
174	3252	1	316	281	340
175	3255	1	357	0	109
176	3258	1	356	0	111
177	3264	0	0	0	0
178	3267	1	336	303	-324
179	3270	1	-185	282	156
180	3273	1	-162	282	130
181	3276	1	-174	282	104
182	3279	1	-214	282	149
183	3282	1	-240	282	176
184	3285	1	-268	302	407
185	3288	1	-215	288	335
186	3307	1	409	293	-164
187	3308	0	0	0	0
188	3323	0	0	0	0
189	3326	0	0	0	0
190	3346	1	321	281	342
191	3348	1	336	303	-329
192	3352	2	-301	0	322
193	3354	7	254	0	155
194	3355	7	255	0	337
195	3365	7	90	0	186
196	3366	7	90	0	183
197	3367	7	90	0	180
198	3368	7	90	0	177
199	3369	7	90	0	173
200	3370	7	63	0	186
201	3371	7	90	0	170
202	3372	7	63	0	183
203	3373	7	90	0	166
204	3374	7	90	0	163
205	3375	7	63	0	180
206	3376	7	63	0	176
207	3377	7	63	0	173
208	3378	7	63	0	170
209	3379	7	63	0	167
210	3380	7	63	0	163
211	3381	7	63	0	160
212	3385	1	-205	282	169
213	3388	2	-348	291	301
214	3401	4	-320	0	-388
215	3403	7	-364	0	-246
216	3410	5	44	0	-62
217	3414	0	0	0	0
218	3419	6	118	0	80
219	3882	1	211	280	-217
220	3921	2	238	300	385
221	3924	2	-169	292	223
222	3927	2	-160	292	236
223	3996	1	-162	0	-171
224	4030	1	-229	284	-303
225	4117	2	273	295	-233
226	4135	7	117	0	334
227	4138	7	120	0	335
228	4141	7	124	0	335
229	4158	0	0	0	0
230	4805	2	-55	0	-299
231	4814	3	297	139	110
232	4949	0	0	0	0
233	4959	7	-87	309	-348
234	4962	7	-130	315	-397
235	4965	7	-42	310	-338
236	4968	7	75	0	159
237	5075	1	-160	0	111
238	5082	3	118	0	-274
239	5191	7	127	0	187
240	5202	7	178	0	128
241	5209	7	165	0	331
242	5218	7	169	308	333
243	5382	2	30	0	284
244	5435	1	-200	0	122
245	5436	2	-318	0	326
246	5437	3	-5	0	-399
247	5438	4	-306	0	-384
248	5439	5	35	0	-94
249	5440	6	155	0	106
250	6158	2	222	0	388
251	6159	2	-149	0	230
252	6160	2	-335	0	280
253	6161	2	189	0	-116
254	6162	2	257	0	-241
255	6163	3	313	0	109
256	6164	3	18	0	305
257	6165	3	-61	0	123
258	6166	3	188	0	-48
259	6167	3	16	0	-390
260	6168	0	0	0	0
261	6243	7	267	0	319
262	6244	0	0	0	0
263	6252	7	29	0	300
264	6253	7	35	0	300
265	6254	7	137	0	267
266	6255	7	149	0	267
267	6256	7	250	0	265
268	6257	7	262	0	264
269	6260	7	26	0	170
270	6261	7	83	0	133
271	6262	7	40	0	140
272	6263	7	22	0	171
273	6264	7	88	0	133
274	6265	7	37	0	145
275	6266	7	63	0	258
276	6267	7	36	0	243
277	6268	7	17	0	317
278	6269	7	367	0	-91
279	6270	7	165	0	66
280	6271	7	68	0	115
281	6272	7	179	0	323
282	6273	0	0	0	0
283	6421	4	-432	234	430
284	6422	4	-398	235	442
285	6423	4	-407	235	457
286	6424	0	0	0	0
287	6425	4	-412	229	343
288	6426	4	-423	229	356
289	6427	0	0	0	0
290	6428	4	-367	230	427
291	6429	4	-430	234	446
292	6430	4	-397	234	451
293	6431	4	-317	219	151
294	6432	4	-427	234	426
295	6433	4	-370	249	-330
296	6434	4	-374	249	-330
297	6435	0	0	0	0
298	6436	4	-386	235	-377
299	6437	4	-384	235	-379
300	6438	7	151	300	118
301	6439	4	-362	239	-282
302	6440	4	-316	233	-343
303	6441	4	-175	224	-9
304	6442	4	181	221	381
305	6443	4	-174	224	-1
306	6444	4	62	224	217
307	6445	4	-177	224	-28
308	6446	4	-232	218	113
309	6447	4	-395	220	-63
310	6448	4	291	219	172
311	6707	0	0	0	0
312	6708	4	-355	0	-259
313	6710	0	0	0	0
314	6711	5	-152	0	-39
315	6712	5	110	116	-141
316	6713	0	0	0	0
317	6714	6	129	0	64
318	6721	7	180	0	91
319	6802	6	411	226	-316
320	6803	6	419	224	-336
321	6804	6	393	236	-69
322	6808	0	0	0	0
323	6809	0	0	0	0
324	6810	6	388	247	-69
325	6811	6	103	219	7
326	6812	6	136	224	170
327	6813	6	177	225	165
328	6814	6	-22	221	146
329	6815	6	170	225	165
330	6816	6	388	237	464
331	6817	6	395	237	456
332	6818	6	366	237	437
333	6819	0	0	0	0
334	6820	6	131	219	6
335	6821	6	116	219	105
336	6822	6	118	219	-6
337	6823	6	59	226	-80
338	6824	6	277	226	-118
339	6825	6	211	222	-317
340	6826	6	184	221	-351
341	6827	0	0	0	0
342	6828	6	176	221	-345
343	6829	6	1	222	-308
344	6830	6	-119	224	-341
345	6831	6	-121	224	-340
346	6832	6	221	219	109
347	6833	6	16	269	-47
348	6834	6	-29	255	-13
349	6835	6	-105	0	-18
350	6836	6	-79	228	-45
351	6837	6	-94	224	-341
352	6838	6	-412	285	210
353	6839	6	-253	266	104
354	6840	0	0	0	0
355	6841	0	0	0	0
356	7113	5	134	116	-120
357	7115	5	-147	115	-259
358	7116	0	0	0	0
359	7117	5	343	121	-135
360	7118	5	102	119	-107
361	7119	5	61	118	-114
362	7120	5	88	116	-76
363	7121	5	220	124	-68
364	7122	5	447	128	28
365	7124	5	296	114	143
366	7125	5	271	115	348
367	7126	5	-164	116	-18
368	7127	0	0	0	0
369	7128	5	-170	116	-17
370	7129	5	94	118	-11
371	7130	5	96	118	-10
372	7131	5	-301	115	-332
373	7132	5	177	117	-2
374	7133	5	-299	118	288
375	7134	5	66	119	-10
376	7135	5	68	118	-27
377	7136	6	406	224	-322
378	7137	5	-298	114	321
379	7138	5	206	117	-113
380	7140	5	-130	116	-24
381	7221	4	-404	0	-252
382	7222	4	-348	0	-275
383	7223	4	-430	0	-332
384	7224	4	-338	0	-342
385	7225	4	-329	0	-326
386	7226	4	64	0	238
387	7239	0	0	0	0
388	7240	0	0	0	0
389	7241	6	-389	276	212
390	7242	0	0	0	0
391	7326	0	0	0	0
392	7327	0	0	0	0
393	7328	0	0	0	0
394	7329	0	0	0	0
395	7339	4	-375	0	-287
396	7340	0	0	0	0
397	7346	7	117	0	35
398	7376	7	176	0	35
399	7416	0	0	0	0
400	7462	5	442	129	37
401	7469	5	-32	0	52
402	7478	5	296	115	139
403	7500	7	163	308	333
404	7508	5	132	0	-144
405	7509	5	109	0	-99
406	7510	5	160	0	-181
407	7511	5	87	0	-16
408	7512	5	96	0	-70
409	7542	0	0	0	0
410	7613	0	0	0	0
411	7614	6	205	0	168
412	7629	7	192	298	-325
413	7630	7	192	298	-309
414	7632	7	192	299	-306
415	7633	7	-63	309	-292
416	7634	7	-98	309	-279
417	7636	7	-29	310	-324
418	7652	6	167	0	40
419	7653	6	192	0	62
420	7654	6	400	0	-319
421	7655	6	218	0	66
422	7656	6	-236	0	-210
423	7713	5	-152	0	-262
424	7714	5	287	114	151
425	7715	5	-176	0	-16
426	7716	6	169	223	133
427	7717	6	-245	221	-211
428	7718	7	42	321	-346
429	7770	7	147	0	77
430	7771	7	39	0	103
431	7772	7	38	0	124
432	8071	0	0	0	0
433	8072	0	0	0	0
434	8073	0	0	0	0
435	8076	0	0	0	0
436	8097	0	0	0	0
437	8305	7	166	0	297
438	8496	7	262	0	207
439	8497	0	0	0	0
440	8498	0	0	0	0
441	8499	7	225	0	176
442	8500	7	176	0	108
443	8501	7	52	0	135
444	8502	7	118	0	118
445	8503	0	0	0	0
446	8504	0	0	0	0
447	8505	0	0	0	0
448	8506	0	0	0	0
449	8507	0	0	0	0
450	8508	0	0	0	0
451	8509	0	0	0	0
452	8510	0	0	0	0
453	8511	0	0	0	0
454	8647	7	133	0	193
455	8683	1	-233	0	179
456	8835	0	0	0	0
457	8879	0	0	0	0
458	8880	0	0	0	0
459	8881	0	0	0	0
460	8882	0	0	0	0
461	9013	7	133	0	193
462	9163	7	43	0	321
463	9164	0	0	0	0
464	9165	0	0	0	0
465	9166	2	66	0	95
466	9167	2	62	0	99
467	9168	0	0	0	0
468	9169	0	0	0	0
469	9170	7	44	0	319
470	9171	0	0	0	0
471	9172	1	381	0	352
472	9173	1	375	0	347
473	9228	0	0	0	0
474	9314	0	0	0	0
475	9315	0	0	0	0
476	9316	0	0	0	0
477	9317	0	0	0	0
478	9318	0	0	0	0
479	9492	0	0	0	0
480	9512	7	122	0	297
481	11918	7	152	0	195
482	12320	0	0	0	0
483	12321	0	0	0	0
484	12322	0	0	0	0
485	12324	0	0	0	0
486	12326	0	0	0	0
487	12327	0	0	0	0
488	12328	0	0	0	0
489	12331	0	0	0	0
490	12333	0	0	0	0
491	12334	0	0	0	0
492	12335	0	0	0	0
493	12336	0	0	0	0
494	12337	0	0	0	0
495	12339	0	0	0	0
496	12340	0	0	0	0
497	12344	0	0	0	0
498	12346	0	0	0	0
499	12347	0	0	0	0
500	12350	0	0	0	0
501	12351	0	0	0	0
502	12352	0	0	0	0
503	12353	0	0	0	0
504	12357	0	0	0	0
505	12450	4	-400	0	-262
506	12451	5	118	0	-123
507	12452	6	199	0	75
508	12453	7	-41	0	-297
509	12532	0	0	0	0
510	12533	0	0	0	0
511	12534	0	0	0	0
512	12535	0	0	0	0
513	12536	0	0	0	0
514	12537	0	0	0	0
515	12706	0	0	0	0
516	12709	0	0	0	0
517	12710	7	34	0	203
518	12711	0	0	0	0
519	12712	0	0	0	0
520	12713	7	27	0	203
521	12765	0	0	0	0
522	12766	0	0	0	0
523	12767	0	0	0	0
524	12768	0	0	0	0
525	12769	0	0	0	0
526	12770	0	0	0	0
527	12820	7	25	0	203
528	12898	0	0	0	0
529	12949	0	0	0	0
530	12950	0	0	0	0
531	12951	0	0	0	0
532	12996	0	0	0	0
533	13109	7	-380	0	-20
534	13110	7	-193	0	-3
535	13111	7	-293	0	-72
536	13112	7	-380	0	-20
537	13113	7	-193	0	-3
538	13114	7	-293	0	-72
539	13115	7	-380	0	-20
540	13116	7	-192	0	-3
541	13117	7	-292	0	-72
542	13214	5	-22	0	-263
543	13215	7	-117	0	-303
544	13251	7	18	0	190
545	13252	0	0	0	0
546	13253	0	0	0	0
547	13254	0	0	0	0
548	13255	0	0	0	0
549	13256	0	0	0	0
550	13257	0	0	0	0
551	13258	0	0	0	0
552	13452	7	153	0	363
553	13477	7	156	0	362
554	13509	0	0	0	0
555	13562	0	0	0	0
556	13566	0	0	0	0
557	13719	0	0	0	0
558	13720	0	0	0	0
559	13735	0	0	0	0
560	13753	0	0	0	0
561	13756	0	0	0	0
562	13902	0	0	0	0
563	13905	0	0	0	0
564	13906	0	0	0	0
565	14105	0	0	0	0
566	14317	0	0	0	0
567	14318	0	0	0	0
568	14319	0	0	0	0
569	14320	0	0	0	0
570	14321	0	0	0	0
571	14322	0	0	0	0
572	14323	0	0	0	0
573	14324	0	0	0	0
574	14325	0	0	0	0
575	14326	0	0	0	0
576	14327	0	0	0	0
577	14328	0	0	0	0
578	14329	0	0	0	0
579	14330	0	0	0	0
580	14331	0	0	0	0
581	14332	0	0	0	0
582	14333	0	0	0	0
583	14334	0	0	0	0
584	14335	0	0	0	0
585	14336	0	0	0	0
586	14337	0	0	0	0
587	14338	0	0	0	0
588	14339	0	0	0	0
589	14340	0	0	0	0
590	14341	0	0	0	0
591	14342	0	0	0	0
592	14343	0	0	0	0
593	14344	0	0	0	0
594	14345	0	0	0	0
595	14346	0	0	0	0
596	14873	7	256	301	110
597	15008	0	0	0	0
598	15273	0	0	0	0
599	15397	0	0	0	0
600	15400	0	0	0	0
601	15401	0	0	0	0
602	15402	0	0	0	0
603	15427	0	0	0	0
604	15428	0	0	0	0
605	15429	0	0	0	0
606	15430	0	0	0	0
607	15431	0	0	0	0
608	15432	0	0	0	0
609	15722	7	124	0	335
610	15723	7	117	0	335
611	15724	7	120	0	335
612	15844	0	0	0	0
613	15889	0	0	0	0
614	15896	0	0	0	0
615	15974	0	0	0	0
616	15975	0	0	0	0
617	15976	0	0	0	0
618	15977	0	0	0	0
619	15986	0	0	0	0
620	15995	0	0	0	0
621	16053	0	0	0	0
622	16263	0	0	0	0
623	16733	0	0	0	0
624	16738	0	0	0	0
625	16761	0	0	0	0
626	16764	0	0	0	0
627	16767	0	0	0	0
628	16768	0	0	0	0
629	16769	0	0	0	0
630	16770	0	0	0	0
631	16772	0	0	0	0
632	16774	0	0	0	0
633	16775	0	0	0	0
634	16777	0	0	0	0
635	16778	0	0	0	0
636	16779	0	0	0	0
637	16786	0	0	0	0
638	16794	0	0	0	0
639	16796	0	0	0	0
640	16808	0	0	0	0
641	16819	0	0	0	0
642	16824	0	0	0	0
643	16834	0	0	0	0
644	16838	0	0	0	0
645	16839	0	0	0	0
646	16860	0	0	0	0
647	16867	0	0	0	0
648	16868	0	0	0	0
649	16870	0	0	0	0
650	16872	0	0	0	0
651	16880	0	0	0	0
652	16885	0	0	0	0
653	16889	0	0	0	0
654	16892	0	0	0	0
655	16893	0	0	0	0
656	16975	2	-16	301	-320
657	17046	0	0	0	0
658	17067	0	0	0	0
659	17086	0	0	0	0
660	17364	0	0	0	0
661	17365	0	0	0	0
662	17366	0	0	0	0
663	17367	0	0	0	0
664	17368	0	0	0	0
665	17369	0	0	0	0
666	17370	0	0	0	0
667	17371	0	0	0	0
668	17372	0	0	0	0
669	17373	0	0	0	0
670	17374	0	0	0	0
671	17375	0	0	0	0
672	17376	0	0	0	0
673	17377	0	0	0	0
674	18419	0	0	0	0
675	18420	0	0	0	0
676	19380	0	0	0	0
677	19381	0	0	0	0
678	19398	7	126	300	204
679	19589	0	0	0	0
680	19601	0	0	0	0
681	19652	0	0	0	0
682	19724	0	0	0	0
683	19731	0	0	0	0
684	19735	0	0	0	0
685	19736	0	0	0	0
686	19737	0	0	0	0
687	19932	0	0	0	0
688	19933	0	0	0	0
689	19959	0	0	0	0
690	20025	102	-35	49	22
691	20026	0	0	0	0
692	20027	102	31	45	-242
693	20028	102	-81	76	112
694	20029	0	0	0	0
695	20030	102	273	105	-10
696	20031	102	35	35	-198
697	20032	102	-76	59	-20
698	20033	0	0	0	0
699	20034	0	0	0	0
700	20035	102	11	71	72
701	20070	0	0	0	0
702	20071	103	1	125	-122
703	20208	103	4	113	-320
704	20209	103	112	107	-109
705	20210	103	14	132	-89
706	20211	103	57	123	-91
707	20212	103	77	123	-93
708	20213	0	0	0	0
709	20214	103	-6	115	-321
710	20215	103	16	113	-318
711	20216	103	15	130	-230
712	20217	103	-8	125	-112
713	20344	0	0	0	0
714	20347	0	0	0	0
715	20350	103	273	111	204
716	20351	0	0	0	0
717	20352	0	0	0	0
718	20379	0	0	0	0
719	20406	0	0	0	0
720	20420	0	0	0	0
721	20428	7	124	0	144
722	20431	0	0	0	0
723	20433	0	0	0	0
724	20434	0	0	0	0
725	20435	0	0	0	0
726	20436	0	0	0	0
727	20437	0	0	0	0
728	20438	1	-244	0	-181
729	20439	0	0	0	0
730	20440	1	-203	0	152
731	20441	0	0	0	0
732	20442	0	0	0	0
733	20443	2	30	0	315
734	20444	2	-335	0	360
735	20445	2	-270	0	210
736	20446	2	-170	0	150
737	20447	0	0	0	0
738	20448	2	-335	0	-385
739	20449	3	380	0	352
740	20450	3	419	0	103
741	20451	3	218	0	384
742	20452	0	0	0	0
743	20453	3	-444	0	320
744	20454	3	-31	0	95
745	20455	0	0	0	0
746	20456	0	0	0	0
747	20457	3	-13	0	-359
748	20458	3	-352	0	-398
749	20459	0	0	0	0
750	20460	0	0	0	0
751	20461	4	-390	0	-255
752	20462	4	-160	0	7
753	20463	4	35	0	225
754	20464	4	350	0	325
755	20465	5	-350	0	-425
756	20466	0	0	0	0
757	20467	5	180	0	-80
758	20468	5	415	0	-20
759	20469	5	270	0	270
760	20470	5	-160	0	0
761	20471	5	-280	0	-245
762	20472	0	0	0	0
763	20473	0	0	0	0
764	20474	0	0	0	0
765	20475	0	0	0	0
766	20476	6	167	0	-1
767	20477	6	222	0	-170
768	20478	6	18	0	-292
769	20479	6	-237	0	-218
770	20480	6	-355	0	-203
771	20481	6	-397	0	190
772	20482	0	0	0	0
773	20483	7	190	0	-345
774	20484	7	150	0	-115
775	20485	7	150	0	-5
776	20486	7	29	0	194
777	20487	0	0	0	0
778	20488	0	0	0	0
779	20500	6	62	218	-388
780	20598	0	0	0	0
781	20599	0	0	0	0
782	20690	0	0	0	0
783	20693	0	0	0	0
784	20713	0	0	0	0
785	20714	0	0	0	0
786	20723	0	0	0	0
787	20726	0	0	0	0
788	20765	0	0	0	0
789	21101	0	0	0	0
790	21102	7	371	0	-95
791	21123	0	0	0	0
792	21124	0	0	0	0
793	21125	0	0	0	0
794	21126	0	0	0	0
795	21127	0	0	0	0
796	21128	0	0	0	0
797	21240	0	0	0	0
798	21241	0	0	0	0
799	21242	0	0	0	0
800	21251	0	0	0	0
801	21252	0	0	0	0
802	21253	0	0	0	0
803	21254	0	0	0	0
804	21255	0	0	0	0
805	21256	0	0	0	0
806	21257	0	0	0	0
807	21259	0	0	0	0
808	21728	0	0	0	0
809	21729	0	0	0	0
810	21921	107	-86	0	-400
811	21935	108	399	0	-221
812	21943	108	402	0	-216
813	21944	107	-109	0	-388
814	21945	107	-94	0	-400
815	21946	107	-86	0	176
816	21947	107	-29	0	129
817	21948	107	-47	0	395
818	21949	107	-61	0	393
819	21950	107	389	0	55
820	21951	107	358	0	56
821	21953	108	-55	0	293
822	21954	108	-33	0	363
823	21955	108	222	0	-453
824	21957	108	-118	0	175
825	21994	108	-392	0	-426
826	22072	108	-389	0	337
827	22136	108	403	0	-214
828	22137	108	389	0	-226
829	22138	108	16	0	145
830	22139	108	-236	0	158
831	22140	108	41	0	150
832	22141	108	-52	0	289
833	22544	0	0	0	0
834	22547	10	-334	278	172
835	22550	0	0	0	0
836	22644	107	-66	0	132
837	22645	107	396	0	10
838	22646	107	-49	0	183
839	22777	0	0	0	0
840	22779	0	0	0	0
841	22781	0	0	0	0
842	23024	108	-235	0	145
843	23029	108	-219	0	-107
844	23030	7	180	0	165
845	23086	0	0	0	0
846	23087	0	0	0	0
847	23098	0	0	0	0
848	23106	0	0	0	0
849	23109	0	0	0	0
850	23112	0	0	0	0
851	23140	0	0	0	0
852	23225	0	0	0	0
853	23226	10	-368	280	393
854	23227	0	0	0	0
855	23228	0	0	0	0
856	23229	0	0	0	0
857	23230	0	0	0	0
858	23273	0	0	0	0
859	23277	0	0	0	0
860	23278	0	0	0	0
861	23279	0	0	0	0
862	23280	0	0	0	0
863	23281	0	0	0	0
864	23282	0	0	0	0
865	23283	0	0	0	0
866	23284	0	0	0	0
867	23285	0	0	0	0
868	23286	0	0	0	0
869	23316	0	0	0	0
870	23336	0	0	0	0
871	23346	0	0	0	0
872	23353	1	177	0	325
873	23354	2	178	0	-53
874	23355	3	-370	0	87
875	23356	3	445	0	-29
876	23357	4	-91	0	212
877	23358	5	-308	0	55
878	23359	6	-185	0	-33
879	23360	7	269	0	-100
880	23361	6	243	0	415
881	23380	1	273	0	356
882	23381	7	234	0	-302
883	23382	2	-62	0	426
884	23383	2	284	0	294
885	23384	1	282	0	-93
886	23385	3	102	0	95
887	23386	6	7	0	-51
888	23387	107	86	0	-56
889	23388	4	75	0	-133
890	23389	4	137	0	88
891	23390	5	184	0	379
892	23391	107	447	0	209
893	23392	108	53	0	-86
894	23393	107	-422	0	-123
895	23394	5	16	0	87
896	23427	108	185	0	106
897	23434	0	0	0	0
898	23435	0	0	0	0
899	23455	0	0	0	0
900	23493	0	0	0	0
901	23494	0	0	0	0
902	23495	0	0	0	0
903	23496	0	0	0	0
904	23510	0	0	0	0
905	23554	10	-334	280	162
906	23555	10	-299	286	279
907	23556	10	-335	281	186
908	23557	10	-239	275	409
909	23558	10	-289	278	380
910	23559	10	-213	280	444
911	23561	10	-308	275	176
912	23562	10	-274	286	327
913	23563	10	-207	279	430
914	23653	0	0	0	0
915	23654	0	0	0	0
916	23921	7	167	0	117
917	23985	104	-87	83	414
918	23987	105	-86	0	411
919	23989	106	-88	0	410
920	24091	0	0	0	0
921	24477	7	173	0	201
922	24526	7	133	0	247
923	24660	104	110	57	237
924	24661	0	0	0	0
925	24662	104	59	75	349
926	24700	7	172	0	332
927	24702	0	0	0	0
928	24759	0	0	0	0
929	24764	7	141	0	90
930	24954	104	-93	0	413
931	24955	105	-93	0	413
932	24956	106	-93	0	413
933	25376	0	0	0	0
934	25378	0	0	0	0
935	25381	105	113	0	176
936	25382	105	178	0	79
937	25383	105	171	0	166
938	25402	0	0	0	0
939	25403	106	168	57	194
940	25404	106	8	57	142
941	25406	106	26	58	88
942	25413	105	-56	0	150
943	25415	105	-7	0	91
944	25416	105	-25	0	119
945	25417	105	133	0	94
946	25462	0	0	0	0
947	25619	0	0	0	0
948	25620	0	0	0	0
949	26151	104	142	57	125
950	26171	0	0	0	0
951	26195	104	-48	57	-206
952	26196	104	129	59	161
953	26260	0	0	0	0
954	26345	0	0	0	0
955	26346	0	0	0	0
956	26347	0	0	0	0
957	26348	0	0	0	0
958	26349	0	0	0	0
959	26350	0	0	0	0
960	26351	0	0	0	0
961	26352	0	0	0	0
962	26353	0	0	0	0
963	26354	0	0	0	0
964	26355	0	0	0	0
965	26356	0	0	0	0
966	26357	0	0	0	0
967	26358	0	0	0	0
968	26359	0	0	0	0
969	26360	0	0	0	0
970	26361	0	0	0	0
971	26362	0	0	0	0
972	26363	0	0	0	0
973	26364	0	0	0	0
974	26365	0	0	0	0
975	26366	0	0	0	0
976	26367	0	0	0	0
977	26368	0	0	0	0
978	26369	0	0	0	0
979	26370	0	0	0	0
980	26373	0	0	0	0
981	26375	0	0	0	0
982	26376	0	0	0	0
983	26377	0	0	0	0
984	26378	0	0	0	0
985	26379	0	0	0	0
986	26380	0	0	0	0
987	26381	0	0	0	0
988	26384	0	0	0	0
989	26386	0	0	0	0
990	26387	0	-469	0	-455
991	26388	0	0	0	0
992	26447	7	127	0	246
993	26457	0	0	0	0
994	26458	0	0	0	0
995	26505	0	0	0	0
996	26506	0	0	0	0
997	26507	0	0	0	0
998	26508	0	0	0	0
999	26593	0	0	0	0
1000	26595	0	0	0	0
1001	26597	0	0	0	0
1002	26643	107	211	0	199
1003	26671	0	0	0	0
1004	26672	0	0	0	0
1005	26673	0	0	0	0
1006	26674	0	0	0	0
1007	26675	0	0	0	0
1008	26676	0	0	0	0
1009	26677	0	0	0	0
1010	26678	0	0	0	0
1011	26679	0	0	0	0
1012	26894	7	21	0	193
1013	27047	7	135	0	191
1014	27084	0	0	0	0
1015	27347	0	0	0	0
1016	27348	0	0	0	0
1017	27349	107	398	0	42
1018	27350	0	0	0	0
1019	27351	0	0	0	0
1020	27352	0	0	0	0
1021	27353	108	395	0	-229
1022	27354	108	-392	0	-429
1023	27355	108	-8	0	329
1024	27356	103	1	0	-315
1025	27357	103	6	0	-88
1026	27358	103	45	0	87
1027	27409	0	0	0	0
1028	27410	0	0	0	0
1029	27411	0	0	0	0
1030	27412	0	0	0	0
1031	27413	0	0	0	0
1032	27414	0	0	0	0
1033	27416	0	0	0	0
1034	27503	107	-68	293	163
1035	27504	0	0	0	0
1036	27505	108	384	0	-222
1037	27506	103	14	113	-324
1038	27643	0	0	0	0
1039	27644	0	0	0	0
1040	27950	0	0	0	0
1041	27976	0	0	0	0
1042	28116	0	0	0	0
1043	28119	0	0	0	0
1044	28121	0	0	0	0
1045	28122	0	0	0	0
1046	28124	0	0	0	0
1047	28125	0	0	0	0
1048	28126	0	0	0	0
1049	28127	0	0	0	0
1050	28128	0	0	0	0
1051	28129	0	0	0	0
1052	28130	0	0	0	0
1053	28131	0	0	0	0
1054	28132	0	0	0	0
1055	28133	0	0	0	0
1056	28134	0	0	0	0
1057	28135	0	0	0	0
1058	28136	0	0	0	0
1059	28137	0	0	0	0
1060	28138	0	0	0	0
1061	28139	0	0	0	0
1062	28140	0	0	0	0
1063	28141	0	0	0	0
1064	28142	0	0	0	0
1065	28143	0	0	0	0
1066	28144	0	0	0	0
1067	28145	0	0	0	0
1068	28146	0	0	0	0
1069	28147	0	0	0	0
1070	28148	0	0	0	0
1071	28149	0	0	0	0
1072	28150	0	0	0	0
1073	28151	0	0	0	0
1074	28152	0	0	0	0
1075	28153	0	0	0	0
1076	28154	0	0	0	0
1077	28155	0	0	0	0
1078	28156	0	0	0	0
1079	28157	0	0	0	0
1080	28158	0	0	0	0
1081	28159	0	0	0	0
1082	28167	0	0	0	0
1083	28234	0	0	0	0
1084	28249	7	150	0	192
1085	28252	0	0	0	0
1086	28263	7	153	0	207
1087	28319	0	0	0	0
1088	28334	0	0	0	0
1089	28357	7	193	0	180
1090	28376	0	0	0	0
1091	28547	0	0	0	0
1092	28548	0	0	0	0
1093	28549	0	0	0	0
1094	28550	0	0	0	0
1095	28551	0	0	0	0
1096	28563	7	112	0	323
1097	28564	0	0	0	0
1098	28565	0	0	0	0
1099	28572	7	137	0	206
1100	28626	0	0	0	0
1101	28670	0	0	0	0
1102	28721	7	112	0	320
1103	28727	0	0	0	0
1104	28965	0	0	0	0
1105	28982	0	0	0	0
1106	29006	0	0	0	0
1107	29007	0	0	0	0
1108	29026	0	0	0	0
1109	29069	0	0	0	0
1110	29070	0	0	0	0
1111	29074	0	0	0	0
1112	29075	0	0	0	0
1113	29076	0	0	0	0
1114	29077	0	0	0	0
1115	29078	0	0	0	0
1116	29079	0	0	0	0
1117	29203	0	0	0	0
1118	29276	0	0	0	0
1119	29277	0	0	0	0
1120	29301	0	0	0	0
1121	29302	0	0	0	0
1122	29485	7	152	0	195
1123	29643	0	0	0	0
1124	29666	0	0	0	0
1125	29673	0	0	0	0
1126	29678	0	0	0	0
1127	29687	0	0	0	0
1128	29712	0	0	0	0
1129	29880	0	0	0	0
1130	29891	0	0	0	0
1131	29893	0	0	0	0
1132	29895	0	0	0	0
1133	29897	0	0	0	0
1134	29898	0	0	0	0
1135	29903	0	0	0	0
1136	30129	0	0	0	0
1137	30149	0	0	0	0
1138	30150	0	0	0	0
1139	30151	0	0	0	0
1140	30152	0	0	0	0
1141	30153	0	0	0	0
1142	30154	0	0	0	0
1143	30232	0	0	0	0
1144	30386	7	145	0	200
1145	30387	2	-216	0	-416
1146	30591	0	0	0	0
1147	30592	0	0	0	0
1148	30593	0	0	0	0
1149	30805	0	0	0	0
1150	30818	0	0	0	0
1151	30819	0	0	0	0
1152	30820	0	0	0	0
1153	30821	0	0	0	0
1154	30822	0	0	0	0
1155	30823	0	0	0	0
1156	30824	0	0	0	0
1157	30825	0	0	0	0
1158	30854	0	0	0	0
1159	30855	0	0	0	0
1160	30856	0	0	0	0
1161	30857	0	0	0	0
1162	30923	0	0	0	0
1163	30924	0	0	0	0
1164	30929	0	0	0	0
1165	31009	0	0	0	0
1166	31010	0	0	0	0
1167	31011	0	0	0	0
1168	31062	0	0	0	0
1169	31065	7	237	0	326
1170	31115	0	0	0	0
1171	31117	0	0	0	0
1172	31119	0	0	0	0
1173	31485	0	0	0	0
1174	31501	0	0	0	0
1175	31504	0	0	0	0
1176	31505	0	0	0	0
1177	31519	0	0	0	0
1178	31520	0	0	0	0
1179	31585	0	0	0	0
1180	32067	7	155	0	170
1181	32381	0	0	0	0
1182	32554	0	0	0	0
1183	32555	0	0	0	0
1184	32556	0	0	0	0
1185	32713	0	0	0	0
1186	32790	0	0	0	0
1187	32801	0	0	0	0
1188	32804	0	0	0	0
1189	32817	15	301	377	275
1190	32821	0	0	0	0
1191	32823	0	0	0	0
1192	32825	0	0	0	0
1193	32827	0	0	0	0
1194	32841	0	0	0	0
1195	32842	0	0	0	0
1196	32843	0	0	0	0
1197	32851	0	0	0	0
1198	32950	0	0	0	0
1199	32951	0	0	0	0
1200	32965	0	0	0	0
1201	32975	0	0	0	0
1202	32990	0	0	0	0
1203	32997	0	0	0	0
1204	33064	0	0	0	0
1205	33181	0	0	0	0
1206	33188	0	0	0	0
1207	33337	0	0	0	0
1208	33339	0	0	0	0
1209	33340	0	0	0	0
1210	34298	0	0	0	0
1211	34299	0	0	0	0
1212	34300	0	0	0	0
1213	34304	0	0	0	0
1214	34305	0	0	0	0
1215	34306	0	0	0	0
1216	34334	11	-178	0	-282
1217	34335	11	-305	0	208
1218	34336	11	279	0	279
1219	34337	12	262	0	247
1220	34338	11	273	0	291
1221	34339	11	-318	0	200
1222	34346	0	0	0	0
1223	34347	0	0	0	0
1224	34348	0	0	0	0
1225	34349	0	0	0	0
1226	34350	0	0	0	0
1227	34351	0	0	0	0
1228	34352	0	0	0	0
1229	34353	0	0	0	0
1230	34354	0	0	0	0
1231	34355	0	0	0	0
1232	34356	0	0	0	0
1233	34357	0	0	0	0
1234	34358	0	0	0	0
1235	34359	0	0	0	0
1236	34360	0	0	0	0
1237	34361	0	0	0	0
1238	34362	0	0	0	0
1239	34365	0	0	0	0
1240	34366	0	0	0	0
1241	34367	0	0	0	0
1242	34368	0	0	0	0
1243	34369	0	0	0	0
1244	34371	0	0	0	0
1245	34372	0	0	0	0
1246	34373	0	0	0	0
1247	34374	0	0	0	0
1248	34375	0	0	0	0
1249	34376	0	0	0	0
1250	34377	0	0	0	0
1251	34378	0	0	0	0
1252	34379	0	0	0	0
1253	34401	11	30	0	-171
1254	34402	0	0	0	0
1255	34403	0	0	0	0
1256	34404	0	0	0	0
1257	34405	0	0	0	0
1258	34406	0	0	0	0
1259	34407	0	0	0	0
1260	34408	0	0	0	0
1261	34409	0	0	0	0
1262	34410	0	0	0	0
1263	34411	0	0	0	0
1264	34412	0	0	0	0
1265	34413	0	0	0	0
1266	34414	0	0	0	0
1267	34415	0	0	0	0
1268	34416	0	0	0	0
1269	34418	0	0	0	0
1270	34419	0	0	0	0
1271	34420	0	0	0	0
1272	34421	0	0	0	0
1273	34422	0	0	0	0
1274	34625	7	159	300	202
1275	35345	0	0	0	0
1276	35346	0	0	0	0
1277	35347	0	0	0	0
1278	35349	0	0	0	0
1279	35350	0	0	0	0
1280	35351	0	0	0	0
1281	35352	0	0	0	0
1282	35353	0	0	0	0
1283	35354	0	0	0	0
1284	35355	0	0	0	0
1285	35356	0	0	0	0
1286	35495	7	112	308	314
1287	35498	0	0	0	0
1288	35547	0	0	0	0
1289	35590	0	0	0	0
1290	35679	0	0	0	0
1291	35683	0	0	0	0
1292	35704	0	0	0	0
1293	35705	0	0	0	0
1294	35706	0	0	0	0
1295	35707	0	0	0	0
1296	35708	0	0	0	0
1297	35709	0	0	0	0
1298	35725	0	0	0	0
1299	35754	0	0	0	0
1300	35755	0	0	0	0
1301	35756	0	0	0	0
1302	35857	0	0	0	0
1303	35860	0	0	0	0
1304	35867	0	0	0	0
1305	35871	0	0	0	0
1306	35875	0	0	0	0
1307	35877	0	0	0	0
1308	35935	0	0	0	0
1309	35995	0	0	0	0
1310	35996	0	0	0	0
1311	35997	0	0	0	0
1312	36024	0	0	0	0
1313	36361	0	0	0	0
1314	36362	0	0	0	0
1315	36484	0	0	0	0
1316	36561	0	0	0	0
1317	36562	0	0	0	0
1318	36563	0	0	0	0
1319	36564	0	0	0	0
1320	36565	0	0	0	0
1321	36566	0	0	0	0
1322	36567	0	0	0	0
1323	36568	0	0	0	0
1324	36569	0	0	0	0
1325	36570	0	0	0	0
1326	36571	0	0	0	0
1327	36572	0	0	0	0
1328	36573	0	0	0	0
1329	36574	0	0	0	0
1330	36575	0	0	0	0
1331	36908	0	0	0	0
1332	37037	0	0	0	0
1333	37038	0	0	0	0
1334	37039	0	0	0	0
1335	37041	0	0	0	0
1336	37045	0	0	0	0
1337	37341	7	267	0	295
1338	37351	0	0	0	0
1339	37398	0	0	0	0
1340	37399	0	0	0	0
1341	37401	0	0	0	0
1342	37402	0	0	0	0
1343	37403	0	0	0	0
1344	37404	0	0	0	0
1345	37405	0	0	0	0
1346	37406	0	0	0	0
1347	37407	0	0	0	0
1348	37408	0	0	0	0
1349	37409	0	0	0	0
1350	37410	0	0	0	0
1351	37411	0	0	0	0
1352	37430	0	0	0	0
1353	37783	0	0	0	0
1354	37784	0	0	0	0
1355	37785	0	0	0	0
1356	37801	0	0	0	0
1357	37802	0	0	0	0
1358	37803	0	0	0	0
1359	37819	0	0	0	0
1360	37820	0	0	0	0
1361	37821	0	0	0	0
1362	37855	0	0	0	0
1363	37856	0	0	0	0
1364	37857	0	0	0	0
1365	37858	12	-45	140	-148
1366	37859	12	95	140	96
1367	37860	12	-118	141	-4
1368	37861	12	231	139	8
1369	37862	12	105	140	90
1370	37863	0	0	0	0
1371	37865	12	-276	140	-128
1372	37867	0	0	0	0
1373	37868	12	165	138	-256
1374	37869	0	0	0	0
1375	37873	12	-322	0	139
1376	37874	0	0	0	0
1377	37875	12	-154	0	-264
1378	37882	0	0	0	0
1379	37883	0	0	0	0
1380	37884	0	0	0	0
1381	38578	0	0	0	0
1382	38579	0	0	0	0
1383	38580	0	0	0	0
1384	38599	0	0	0	0
1385	38615	0	0	0	0
1386	38779	0	0	0	0
1387	38780	0	0	0	0
1388	38781	0	0	0	0
1389	38782	0	0	0	0
1390	38783	0	0	0	0
1391	38784	0	0	0	0
1392	38785	0	0	0	0
1393	38786	0	0	0	0
1394	38787	0	0	0	0
1395	38788	0	0	0	0
1396	38789	0	0	0	0
1397	38790	0	0	0	0
1398	38791	0	0	0	0
1399	38792	0	0	0	0
1400	38793	0	0	0	0
1401	38800	0	0	0	0
1402	38923	7	183	0	185
1403	39079	0	0	0	0
1404	39100	0	0	0	0
1405	39186	0	0	0	0
1406	39187	0	0	0	0
1407	39189	0	0	0	0
1408	39190	0	0	0	0
1409	39191	0	0	0	0
1410	39192	0	0	0	0
1411	39193	0	0	0	0
1412	39584	0	0	0	0
1413	39616	7	182	0	194
1414	39942	0	0	0	0
1415	39977	0	0	0	0
1416	39979	0	0	0	0
1417	39980	0	0	0	0
1418	39981	0	0	0	0
1419	39983	0	0	0	0
1420	39987	0	0	0	0
1421	40050	0	0	0	0
1422	40054	0	0	0	0
1423	40108	0	0	0	0
1424	40109	0	0	0	0
1425	40110	0	0	0	0
1426	40151	0	0	0	0
1427	40156	0	0	0	0
1428	40157	0	0	0	0
1429	40526	0	0	0	0
1430	40527	0	0	0	0
1431	40528	0	0	0	0
1432	40529	0	0	0	0
1433	40530	0	0	0	0
1434	40532	0	0	0	0
1435	40534	0	0	0	0
1436	40535	0	0	0	0
1437	40536	0	0	0	0
1438	40537	0	0	0	0
1439	40538	0	0	0	0
1440	40539	0	0	0	0
1441	40541	0	0	0	0
1442	40542	0	0	0	0
1443	40543	0	0	0	0
1444	40544	0	0	0	0
1445	40545	0	0	0	0
1446	40546	0	0	0	0
1447	40547	0	0	0	0
1448	40548	0	0	0	0
1449	40549	0	0	0	0
1450	40550	0	0	0	0
1451	40551	0	0	0	0
1452	40552	0	0	0	0
1453	40566	0	0	0	0
1454	40567	0	0	0	0
1455	40568	0	0	0	0
1456	40569	0	0	0	0
1457	40570	0	0	0	0
1458	40765	0	0	0	0
1459	40965	0	0	0	0
1460	40966	0	0	0	0
1461	41164	0	0	0	0
1462	41165	0	0	0	0
1463	41166	0	0	0	0
1464	41171	0	0	0	0
1465	41172	0	0	0	0
1466	41173	0	0	0	0
1467	41174	0	0	0	0
1468	41175	0	0	0	0
1469	41176	0	0	0	0
1470	41177	0	0	0	0
1471	41275	0	0	0	0
1472	41276	0	0	0	0
1473	41277	0	0	0	0
1474	41278	0	0	0	0
1475	41279	0	0	0	0
1476	41285	0	0	0	0
1477	41286	0	0	0	0
1478	41457	0	0	0	0
1479	41831	0	0	0	0
1480	41832	0	0	0	0
1481	41833	0	0	0	0
1482	41834	0	0	0	0
1483	41853	0	0	0	0
1484	41854	0	0	0	0
1485	41855	0	0	0	0
1486	41856	0	0	0	0
1487	41857	0	0	0	0
1488	41858	0	0	0	0
1489	41859	0	0	0	0
1490	41860	0	0	0	0
1491	41861	0	0	0	0
1492	41862	0	0	0	0
1493	41863	0	0	0	0
1494	41864	0	0	0	0
1495	41871	0	0	0	0
1496	41872	0	0	0	0
1497	41873	0	0	0	0
1498	41877	15	301	377	275
1499	41878	0	0	0	0
1500	41879	15	301	377	275
1501	41880	0	0	0	0
1502	41881	0	0	0	0
1503	41882	0	0	0	0
1504	41883	0	0	0	0
1505	41884	15	-102	360	-109
1506	41885	15	109	361	-77
1507	41886	15	-31	359	217
1508	41887	15	-216	358	-7
1509	41888	15	26	360	-236
1510	41889	15	-75	363	288
1511	41890	15	-184	365	-71
1512	41891	15	167	360	-51
1513	41892	15	-193	364	87
1514	41893	15	-60	360	-171
1515	41894	15	88	0	-157
1516	41895	15	-236	364	132
1517	41896	15	-81	363	-223
1518	41897	15	216	364	-69
1519	41898	15	37	359	237
1520	41899	15	143	360	54
1521	41900	15	245	359	17
1522	41901	15	37	359	237
1523	41902	15	143	360	54
1524	41903	15	245	359	17
1525	41904	15	37	359	237
1526	41905	15	143	360	54
1527	41906	15	245	359	17
1528	41907	0	0	0	0
1529	41908	0	0	0	0
1530	41909	0	0	0	0
1531	41910	0	0	0	0
1532	41911	0	0	0	0
1533	41912	0	0	0	0
1534	41913	0	0	0	0
1535	41914	0	0	0	0
1536	41915	0	0	0	0
1537	41916	0	0	0	0
1538	41917	0	0	0	0
1539	41918	0	0	0	0
1540	41919	0	0	0	0
1541	41920	0	0	0	0
1542	41921	0	0	0	0
1543	41922	0	0	0	0
1544	41923	0	0	0	0
1545	41924	0	0	0	0
1546	41925	0	0	0	0
1547	41926	0	0	0	0
1548	41927	0	0	0	0
1549	41928	0	0	0	0
1550	41946	0	0	0	0
1551	41947	0	0	0	0
1552	41948	0	0	0	0
1553	41949	0	0	0	0
1554	41950	0	0	0	0
1555	41951	0	0	0	0
1556	41952	0	0	0	0
1557	41953	15	-75	0	298
1558	41954	15	-193	0	87
1559	41955	0	0	0	0
1560	41956	15	-193	0	87
1561	41957	15	-193	0	87
1562	41958	0	0	0	0
1563	41959	0	0	0	0
1564	41960	0	0	0	0
1565	41961	0	0	0	0
1566	41962	0	0	0	0
1567	41963	0	0	0	0
1568	41964	0	0	0	0
1569	41965	0	0	0	0
1570	41966	0	0	0	0
1571	41967	0	0	0	0
1572	41968	0	0	0	0
1573	41969	0	0	0	0
1574	41970	0	0	0	0
1575	41971	0	0	0	0
1576	41972	0	0	0	0
1577	41973	0	0	0	0
1578	41974	0	0	0	0
1579	41975	0	0	0	0
1580	41976	0	0	0	0
1581	41977	0	0	0	0
1582	41978	0	0	0	0
1583	41979	0	0	0	0
1584	41980	0	0	0	0
1585	41981	0	0	0	0
1586	41982	0	0	0	0
1587	41983	0	0	0	0
1588	41984	0	0	0	0
1589	41985	0	0	0	0
1590	41986	0	0	0	0
1591	41987	0	0	0	0
1592	41988	0	0	0	0
1593	41989	0	0	0	0
1594	41990	0	0	0	0
1595	41991	0	0	0	0
1596	41992	0	0	0	0
1597	41993	0	0	0	0
1598	41994	0	0	0	0
1599	41995	0	0	0	0
1600	41996	0	0	0	0
1601	41997	0	0	0	0
1602	41998	0	0	0	0
1603	41999	0	0	0	0
1604	42000	0	0	0	0
1605	42001	0	0	0	0
1606	42002	0	0	0	0
1607	42003	0	0	0	0
1608	42004	0	0	0	0
1609	42005	0	0	0	0
1610	42006	0	0	0	0
1611	42007	0	0	0	0
1612	42008	0	0	0	0
1613	42009	0	0	0	0
1614	42010	0	0	0	0
1615	42011	0	0	0	0
1616	42012	0	0	0	0
1617	42013	0	0	0	0
1618	42014	0	0	0	0
1619	42015	0	0	0	0
1620	42016	0	0	0	0
1621	42017	0	0	0	0
1622	42018	0	0	0	0
1623	42019	0	0	0	0
1624	42020	0	0	0	0
1625	42021	0	0	0	0
1626	42022	0	0	0	0
1627	42023	0	0	0	0
1628	42024	0	0	0	0
1629	42025	0	0	0	0
1630	42026	0	0	0	0
1631	42027	0	0	0	0
1632	42028	0	0	0	0
1633	42029	0	0	0	0
1634	42030	0	0	0	0
1635	42031	0	0	0	0
1636	42032	0	0	0	0
1637	42033	0	0	0	0
1638	42034	0	0	0	0
1639	42035	0	0	0	0
1640	42036	0	0	0	0
1641	42037	0	0	0	0
1642	42038	0	0	0	0
1643	42039	0	0	0	0
1644	42040	0	0	0	0
1645	42041	0	0	0	0
1646	42042	0	0	0	0
1647	42043	0	0	0	0
1648	42044	0	0	0	0
1649	42045	0	0	0	0
1650	42046	0	0	0	0
1651	42047	0	0	0	0
1652	42048	0	0	0	0
1653	42049	0	0	0	0
1654	42050	0	0	0	0
1655	42663	0	0	0	0
1656	42938	0	0	0	0
1657	43454	7	150	0	169
1658	43486	0	0	0	0
1659	43780	0	0	0	0
1660	43781	0	0	0	0
1661	43782	0	0	0	0
1662	43783	0	0	0	0
1663	43784	0	0	0	0
1664	43785	0	0	0	0
1665	43786	0	0	0	0
1666	43788	0	0	0	0
1667	43789	0	0	0	0
1668	43791	0	0	0	0
1669	43796	0	0	0	0
1670	43799	0	0	0	0
1671	43804	0	0	0	0
1672	43807	0	0	0	0
1673	43812	0	0	0	0
1674	43814	0	0	0	0
1675	43815	0	0	0	0
1676	43820	0	0	0	0
1677	43823	0	0	0	0
1678	43828	0	0	0	0
1679	43831	0	0	0	0
1680	43836	0	0	0	0
1681	43839	0	0	0	0
1682	43844	0	0	0	0
1683	43847	0	0	0	0
1684	43852	0	0	0	0
1685	43855	0	0	0	0
1686	43860	0	0	0	0
1687	43863	0	0	0	0
1688	43868	0	0	0	0
1689	43871	0	0	0	0
1690	43876	0	0	0	0
1691	43879	0	0	0	0
1692	43882	0	0	0	0
1693	43884	0	0	0	0
1694	43887	0	0	0	0
1695	43890	0	0	0	0
1696	43892	0	0	0	0
1697	43895	0	0	0	0
1698	43898	0	0	0	0
1699	43900	0	0	0	0
1700	43903	0	0	0	0
1701	43906	0	0	0	0
1702	44337	0	0	0	0
1703	44341	0	0	0	0
1704	44342	0	0	0	0
1705	44620	37	-99	0	267
1706	44621	0	0	0	0
1707	44623	37	-80	0	246
1708	44624	37	-86	0	-164
1709	44626	37	-245	0	-82
1710	44627	37	-249	0	-42
1711	44629	37	155	0	-64
1712	44630	37	121	0	-158
1713	44632	37	87	0	-210
1714	45211	7	281	0	254
1715	45294	0	0	0	0
1716	45295	0	0	0	0
1717	45296	0	0	0	0
1718	45327	0	0	0	0
1719	45328	0	0	0	0
1720	45329	0	0	0	0
1721	45330	0	0	0	0
1722	45332	0	0	0	0
1723	45333	0	0	0	0
1724	45334	0	0	0	0
1725	45335	0	0	0	0
1726	45337	0	0	0	0
1727	45338	0	0	0	0
1728	45339	0	0	0	0
1729	45340	0	0	0	0
1730	45342	0	0	0	0
1731	45343	0	0	0	0
1732	45344	0	0	0	0
1733	45345	0	0	0	0
1734	45347	0	0	0	0
1735	45348	0	0	0	0
1736	45349	0	0	0	0
1737	45350	0	0	0	0
1738	45402	0	0	0	0
1739	45403	0	0	0	0
1740	45404	0	0	0	0
1741	45405	0	0	0	0
1742	45406	0	0	0	0
1743	45417	0	0	0	0
1744	45418	0	0	0	0
1745	45465	11	-50	0	64
1746	45869	7	271	0	298
1747	46214	0	0	0	0
1748	46217	0	0	0	0
1749	46220	0	0	0	0
1750	47304	0	0	0	0
1751	47430	0	0	0	0
1752	47468	0	0	0	0
1753	47680	0	0	0	0
1754	47685	7	160	308	334
1755	47859	0	0	0	0
1756	47935	7	-93	0	340
1757	47937	7	137	0	206
1758	47938	7	136	0	205
1759	47939	0	0	0	0
1760	48092	0	0	0	0
1761	48133	7	147	0	331
1762	48134	0	0	0	0
1763	48135	0	0	0	0
1764	48136	0	0	0	0
1765	48137	0	0	0	0
1766	48138	0	0	0	0
1767	48139	0	0	0	0
1768	48140	0	0	0	0
1769	48141	0	0	0	0
1770	48365	7	146	0	331
1771	48516	7	136	0	331
1772	48517	1	406	0	-328
1773	48518	0	0	0	0
1774	48694	7	143	0	331
1775	49145	7	241	0	101
1776	49146	1301	-356	0	-345
1777	49148	1301	-325	0	-303
1778	49150	1301	-106	0	-179
1779	49151	1301	185	0	-266
1780	49152	1301	231	0	-257
1781	49153	1301	206	0	-258
1782	49154	1301	332	0	-249
1783	49155	1301	345	0	-455
1784	49156	1301	331	0	-100
1785	49157	1301	428	0	-375
1786	49158	1301	412	0	-394
1787	49159	1301	325	0	-307
1788	49160	1301	235	0	-319
1789	49161	1301	344	0	-322
1790	49162	1301	258	0	-453
1791	49163	1301	259	0	-321
1792	49164	1301	384	0	-318
1793	49165	1301	390	0	118
1794	49166	1301	398	0	258
1795	49167	1301	295	0	264
1796	49168	1301	237	0	-362
1797	49169	1301	-305	0	-158
1798	49171	1301	-108	0	92
1799	49172	1301	33	0	135
1800	49173	0	0	0	0
1801	49174	1301	-317	0	-139
1802	49176	1301	-59	0	224
1803	49177	1301	-61	0	222
1804	49178	1301	2	0	281
1805	49179	1301	-4	0	369
1806	49181	1301	-110	0	458
1807	49182	1301	-290	0	342
1808	49183	1301	-200	0	466
1809	49192	0	0	0	0
1810	49193	0	0	0	0
1811	49194	0	0	0	0
1812	49196	1301	-336	0	-311
1813	49197	1301	367	0	-401
1814	49198	1301	216	0	-325
1815	49199	1301	284	0	-321
1816	49200	1301	-333	0	-117
1817	49201	1301	-310	0	-114
1818	49211	1302	-147	0	-339
1819	49212	1302	162	0	-332
1820	49215	1302	132	0	-293
1821	49216	1302	6	0	36
1822	49226	1302	-37	0	119
1823	49227	1302	158	0	160
1824	49229	1302	386	0	149
1825	49230	1302	-31	0	296
1826	49231	1302	-72	0	305
1827	49232	1302	-69	0	307
1828	49233	1302	-70	0	305
1829	49234	1302	-281	0	361
1830	49236	0	0	0	0
1831	49238	1302	-24	0	-362
1832	49239	1302	167	0	-358
1833	49240	1302	140	0	-306
1834	49241	1302	107	0	-362
1835	49242	1302	111	0	-363
1836	49243	1302	-23	0	30
1837	49244	1302	-10	0	122
1838	49245	1302	-18	0	67
1839	49246	1302	-180	0	83
1840	49247	1302	-298	0	350
1841	49248	1302	-299	0	346
1842	49249	1302	-252	0	366
1843	49250	1302	-251	0	364
1844	49251	1302	-270	0	336
1845	49252	1302	-266	0	373
1846	49253	1302	391	0	157
1847	49254	1302	-314	0	289
1848	49255	1302	-354	0	139
1849	49256	1302	-300	0	330
1850	49257	1302	381	0	-36
1851	49258	1302	329	0	-135
1852	49260	1302	367	0	360
1853	49261	1302	371	0	315
1854	49263	1302	331	0	-315
1855	49264	1302	109	0	-355
1856	49265	1302	144	0	-323
1857	49267	1302	16	0	119
1858	49268	1302	-61	0	116
1859	49269	1302	-69	0	46
1860	49270	1302	14	0	66
1861	49271	1302	-271	0	315
1862	49272	1302	-229	0	311
1863	49273	0	0	0	0
1864	49274	1302	104	0	-343
1865	49275	1302	103	0	-341
1866	49280	1302	380	0	141
1867	49282	1303	-450	0	-42
1868	49283	1303	-469	0	-103
1869	49284	1303	-449	0	-44
1870	49287	1303	-449	0	-117
1871	49288	1303	184	0	-237
1872	49289	1303	-469	0	-455
1873	49290	1303	-467	0	-457
1874	49291	1303	-435	0	-426
1875	49292	1303	-420	0	-425
1876	49293	1303	-431	0	-77
1877	49294	1303	-421	0	-77
1878	49295	1303	-443	0	-444
1879	49296	1303	-301	0	-363
1880	49298	1303	-209	0	57
1881	49299	1303	-286	0	-8
1882	49300	1303	-242	0	200
1883	49301	1303	-179	0	-365
1884	49302	1303	-187	0	-360
1885	49304	1303	-6	0	-255
1886	49305	1303	-6	0	-235
1887	49306	1303	2	0	-234
1888	49307	1303	-13	0	-245
1889	49308	1303	16	0	-231
1890	49309	1303	-15	0	-230
1891	49310	1303	-4	0	-247
1892	49311	1303	-13	0	-230
1893	49312	1303	97	0	-234
1894	49313	1303	73	0	-251
1895	49314	1303	-54	0	-311
1896	49316	1303	47	0	-174
1897	49317	1303	204	0	-211
1898	49318	1303	242	0	-207
1899	49319	1303	389	0	-149
1900	49320	1303	314	0	-56
1901	49321	1303	379	0	-91
1902	49322	1303	-17	0	87
1903	49323	1303	-40	0	120
1904	49324	1303	158	0	212
1905	49325	1303	-27	0	125
1906	49326	1303	34	0	324
1907	49327	1303	31	0	319
1908	49328	1303	128	0	218
1909	49329	1303	35	0	330
1910	49330	1303	251	0	328
1911	49331	1303	250	0	326
1912	49332	1303	69	0	-174
1913	49333	1303	25	0	-165
1914	49340	1303	-129	0	-107
1915	49341	1303	-432	0	-100
1916	49342	1303	-435	0	-451
1917	49343	1303	214	0	-237
1918	49344	1303	30	0	-192
1919	49345	1303	71	416	30
1920	49346	1303	-3	426	88
1921	49347	1303	-22	0	73
1922	49348	1303	-191	0	-388
1923	49349	1303	-414	0	-103
1924	49350	1303	-438	0	-420
1925	49351	1303	209	0	-263
1926	49352	1303	-131	0	-261
1927	49353	1303	45	0	-192
1928	49354	1303	-131	0	-292
1929	49355	1303	-457	0	-82
1930	49356	1303	252	0	-203
1931	49365	0	0	0	0
1932	49366	0	0	0	0
1933	49367	0	0	0	0
1934	49368	0	0	0	0
1935	49369	0	0	0	0
1936	49370	0	0	0	0
1937	49371	0	0	0	0
1938	49372	0	0	0	0
1939	49373	0	0	0	0
1940	49374	0	0	0	0
1941	49375	0	0	0	0
1942	49376	0	0	0	0
1943	49377	0	0	0	0
1944	49378	0	0	0	0
1945	50440	1301	-91	0	-208
1946	50582	1301	59	0	-326
1947	50612	1301	-326	0	-171
1948	50613	0	0	0	0
1949	50637	1301	-296	0	-328
1950	50638	0	0	0	0
1951	50639	0	0	0	0
1952	50640	0	0	0	0
1953	50651	1303	-246	0	202
1954	50963	1	351	282	110
1955	50964	0	0	0	0
1956	50965	0	0	0	0
1957	50966	0	0	0	0
1958	50967	0	0	0	0
1959	50968	0	0	0	0
1960	50969	0	0	0	0
1961	50970	0	0	0	0
1962	51141	1303	-3	0	-235
1963	51231	0	0	0	0
1964	51232	0	0	0	0
1965	51233	0	0	0	0
1966	51234	0	0	0	0
1967	51235	0	0	0	0
1968	51236	0	0	0	0
1969	51243	0	0	0	0
1970	51461	1301	300	374	-354
1971	51462	0	0	0	0
1972	51467	1301	-105	360	126
1973	51468	1301	-310	348	-173
1974	51469	1301	-264	358	148
1975	51470	1301	-19	369	272
1976	51472	0	0	0	0
1977	51473	0	0	0	0
1978	51474	0	0	0	0
1979	51491	1301	306	373	-251
1980	51927	1200	925	0	255
1981	51928	1200	-919	0	159
1982	51929	1200	526	0	-449
1983	51930	1200	797	0	279
1984	51931	1200	531	0	-383
1985	51932	1200	-687	0	175
1986	51933	1202	-168	0	93
1987	51934	1202	-168	0	93
1988	51935	0	0	0	0
1989	51936	1202	-166	0	136
1990	51937	1202	-220	0	162
1991	51938	1202	-135	0	295
1992	51939	1202	-124	0	348
1993	51940	0	0	0	0
1994	51941	0	0	0	0
1995	51942	0	0	0	0
1996	51943	0	0	0	0
1997	51944	0	0	0	0
1998	51945	0	0	0	0
1999	52037	0	0	0	0
2000	52038	0	0	0	0
2001	52044	0	0	0	0
2002	52045	0	0	0	0
2003	52046	0	0	0	0
2004	52047	0	0	0	0
2005	52048	0	0	0	0
2006	52053	0	0	0	0
2007	52127	7	147	0	331
2008	52247	1202	-169	0	88
2009	52248	1202	-171	0	86
2010	52249	1202	-173	0	84
2011	52283	0	0	0	0
2012	52286	0	0	0	0
2013	52287	0	0	0	0
2014	52298	7	178	0	126
2015	52395	1200	-904	0	145
2016	52396	1200	-730	0	-72
2017	52397	1200	-678	0	139
2018	52398	1200	-894	0	163
2019	52404	1200	-904	0	97
2020	52405	1200	871	0	258
2021	52406	1200	760	0	406
2022	52407	1200	878	0	235
2023	52408	1200	880	0	230
2024	52409	1200	876	0	239
2025	52410	1200	521	350	-383
2026	52411	1200	904	0	-386
2027	52412	1200	568	0	-391
2028	52413	1200	493	0	-391
2029	52414	1200	531	0	-284
2030	52545	1200	-731	0	-69
2031	52546	1200	-734	0	-69
2032	52547	1200	-738	0	-71
2033	52548	1200	-734	0	-72
2034	52549	1200	-739	0	-73
2035	52550	1200	765	0	407
2036	52551	1200	763	0	409
2037	52552	1200	770	0	413
2038	52553	1200	759	0	413
2039	52554	1200	764	0	413
2040	52555	1200	903	0	-392
2041	52556	1200	910	0	-387
2042	52557	1200	907	0	-389
2043	52558	1200	910	0	-391
2044	52559	1200	907	0	-393
2045	52566	0	0	0	0
2046	52567	0	0	0	0
2047	52568	0	0	0	0
2048	52596	7	143	0	331
2049	52603	0	0	0	0
2050	52622	7	143	0	331
2051	52726	1200	-904	0	143
2052	52727	1200	-904	0	140
2053	52728	1200	-899	0	210
2054	52729	1200	-906	0	205
2055	52730	1200	-897	0	104
2056	52731	1200	-897	0	91
2057	52732	1200	-865	0	219
2058	52733	1200	-862	0	92
2059	52734	1200	-904	0	165
2060	52735	1200	-860	0	219
2061	52736	1200	-906	0	215
2062	52737	1200	-869	0	219
2063	52738	1200	-858	0	92
2064	52741	1200	922	0	320
2065	52742	1200	849	0	223
2066	52743	1200	849	0	228
2067	52744	1200	849	0	234
2068	52745	1200	875	0	243
2069	52746	1200	873	0	247
2070	52747	1200	871	0	251
2071	52748	1200	885	0	310
2072	52749	1200	904	0	317
2073	52750	1200	950	0	318
2074	52751	1200	936	0	318
2075	52752	1200	870	0	255
2076	52753	1200	868	0	314
2077	52756	1200	497	0	-454
2078	52757	1200	548	0	-433
2079	52758	1200	565	0	-456
2080	52759	1200	499	0	-412
2081	52760	1200	513	0	-413
2082	52761	1200	554	0	-367
2083	52762	1200	521	350	-383
2084	52763	1200	552	0	-412
2085	52764	1200	562	0	-412
2086	52765	1200	512	0	-296
2087	52766	1200	552	0	-297
2088	52767	1200	492	0	-360
2089	52768	1200	513	0	-433
2090	54625	0	0	0	0
2091	54914	0	0	0	0
2092	54929	0	0	0	0
2093	56724	1200	-834	0	190
2094	58410	0	0	0	0
2095	58411	0	0	0	0
2096	58426	1200	-801	0	-120
2097	58427	1200	-827	0	119
2098	58428	1200	-907	0	240
2099	58429	1200	-956	0	-332
2100	58430	1200	-649	0	172
2101	58431	1200	-829	0	405
2102	58432	1200	-356	0	405
2103	58433	1200	923	0	151
2104	58434	1200	872	0	441
2105	58435	1200	845	0	180
2106	58436	1200	870	0	145
2107	58437	1200	835	0	461
2108	58438	1200	777	0	262
2109	58439	1200	493	0	305
2110	58440	1200	142	0	482
2111	58441	1200	557	0	-255
2112	58442	1200	989	0	-366
2113	58443	1200	494	0	-262
2114	58444	1200	616	0	-308
2115	58445	1200	798	0	-320
2116	58446	1200	452	0	-303
2117	58447	1200	-56	0	-351
2118	58448	1200	-333	0	-452
2119	58510	1301	341	0	-379
2120	58520	1301	346	0	-384
2121	58522	1301	345	0	-379
2122	58585	0	0	0	0
2123	59036	0	0	0	0
2124	59038	0	0	0	0
2125	59040	0	0	0	0
2126	59042	0	0	0	0
2127	64470	1301	346	0	-404
2128	64499	1304	268	0	119
2129	64500	1304	393	0	23
2130	64501	1304	367	0	-272
2131	64502	1304	186	0	232
2132	64503	1304	196	0	228
2133	64504	1304	323	0	-30
2134	64505	1304	415	0	-49
2135	64506	1304	345	370	137
2136	64507	1304	331	0	46
2137	64508	1304	96	0	2
2138	64509	1304	335	374	-211
2139	64510	1304	333	363	-207
2140	64511	1304	250	0	-383
2141	64512	1304	238	0	-399
2142	64513	1304	227	0	-394
2143	64514	1304	354	0	-309
2144	64515	1304	256	0	-322
2145	64516	1304	271	363	-332
2146	64517	0	0	0	0
2147	64518	1304	-295	0	5
2148	64519	1304	-232	0	-399
2149	64520	1304	124	0	-288
2150	64521	1304	-421	0	224
2151	64522	1304	-332	0	156
2152	64523	1304	-398	0	320
2153	64524	1304	299	0	272
2154	64525	1304	313	0	274
2155	64526	1304	327	0	273
2156	64527	1304	-406	0	149
2157	64528	1304	27	0	41
2158	64529	1304	-43	0	135
2159	64530	1304	-132	0	223
2160	64531	1304	341	0	278
2161	64532	1304	238	0	285
2162	64533	1304	165	0	246
2163	64534	1304	182	0	267
2164	64535	1304	174	0	238
2165	64536	1304	371	0	399
2166	64538	1304	304	0	428
2167	64539	1304	430	0	419
2168	64540	1304	314	0	281
2169	64541	1304	133	0	-15
2170	64542	1304	389	0	-240
2171	64543	1304	323	0	-284
2172	64545	1304	-388	0	145
2173	64546	1304	334	0	-216
2174	64547	1304	155	0	300
2175	64548	1304	393	0	-289
2176	64715	1304	386	363	-309
2177	64716	1304	-397	359	169
2178	64717	1304	210	0	270
2179	64719	1304	228	0	255
2180	64753	1301	-317	0	-338
2181	64878	1301	-283	348	-352
2182	64879	0	0	0	0
2183	64915	1304	271	0	284
2184	64934	1301	-60	340	-136
2185	64935	1302	-75	322	305
2186	64943	0	0	0	0
2187	64970	1302	-343	329	140
2188	65106	1304	271	0	284
2189	65158	1304	160	0	274
2190	65169	1304	123	0	-4
2191	65202	1200	-915	0	154
2192	65203	1200	926	0	261
2193	65204	1200	532	0	-448
2194	65205	1200	-918	0	148
2195	65206	1200	928	0	266
2196	65207	1200	537	0	-449
2197	65229	1301	260	0	-384
2198	65250	1302	-53	0	100
2199	65422	1302	321	400	314
2200	65426	1302	-17	0	66
2201	65643	0	0	0	0
2202	65653	0	0	0	0
2203	65655	0	0	0	0
2204	65657	1201	-614	0	159
2205	65668	1201	-614	0	159
2206	65682	0	0	0	0
2207	65684	0	0	0	0
2208	65686	1201	663	0	260
2209	65697	1201	663	0	260
2210	65711	0	0	0	0
2211	65713	0	0	0	0
2212	65715	1201	-154	0	-235
2213	65726	1201	-154	0	-235
2214	65737	1200	-757	0	176
2215	65738	1200	863	0	294
2216	65739	1200	558	0	-433
2217	65743	1201	-614	0	161
2218	65744	1201	659	0	264
2219	65745	1201	-156	0	-235
2220	65992	0	0	0	0
2221	65993	0	0	0	0
2222	65994	0	0	0	0
2223	66208	7	153	301	249
2224	66209	0	0	0	0
2225	66210	0	0	0	0
2226	66211	0	0	0	0
2227	66307	1200	-774	0	415
2228	66308	1200	782	0	445
2229	66309	1200	870	0	-304
2230	66338	0	0	0	0
2231	66353	7	140	0	328
2232	66354	7	142	0	329
2233	66483	0	0	0	0
2234	66497	7	243	0	98
2235	66546	1304	-368	0	138
2236	66611	0	0	0	0
2237	66651	7	145	0	206
2238	66709	1200	-726	0	-72
2239	66710	1200	761	0	416
2240	66711	1200	913	0	-389
2241	66853	1200	-757	0	176
2242	66854	1200	863	0	294
2243	66855	1200	558	0	-433
2244	66964	1302	262	310	-83
2245	66965	1302	344	313	125
2246	67040	1200	-600	0	155
2247	67043	1200	779	0	309
2248	67045	1200	341	0	-335
2249	67176	0	0	0	0
2250	69417	7	251	0	282	
2251	71123	7	273	0	163	
2252    72210   7       83      0       116
2253    72209   7       83      0       112
2254    72211   7       88      0       96
2255    72592   7       86      0       96
2256    72593   7       84      0       96
2257	68891	7	114	0	198
2258	41907	7	162	0	285
2259	25444	1	-160	0	113
2260	1888	2	283	0	311
2261	1887	2	294	0	365
2262	1897	3	125	0	-412
2263	1898	3	10	0	-333
2264	3417	6	151	0	61
2265	9509	7	121	0	297
2266	9510	7	121	0	297
2267	7340	4	55	0	224
2268	2206	3	-11	0	308
2269	2215	3	-2	149	313
2270	2210	3	-2	0	313
2271	2214	3	-210	0	354
2272	2216	3	-22	0	281
2273	2234	3	168	0	-37
2274	3308	1	337	0	-323
2275	1662	1	-60	0	116
2276	72305	1	-163	0	148
2277	74897	1200	-757	0	146
2278	74898	1200	832	0	277
2279	74899	1200	544	0	-420
2280	24529	7	116	0	198
2281	19531	102	34	0	-262
2282	27504	102	45	0	-203
2283	21352	108	404	0	-228
2284	19647	103	6	0	-315
2285	27505	108	384	0	-222
2286	75460	7	151	0	190
2287	66156	1	-214	0	133
2288	66159	2	-395	0	325
2289	66162	7	254	0	144
2290	66165	3	167	0	-280
2291	64551	1304	389	0	-272
2292	20287	7	114	0	187
2293	20286	7	114	0	192
2294	45212	7	281	0	250
2295	19589	7	216	0	101
2296	3421	6	219	0	84
2297	21325	107	-79	0	-371
2298	19532	102	42	0	-242
2299	21342	108	-117	0	263
2300	19641	103	5	0	-331
2301	3412	5	83	0	-170
2302	80580	1	-208	0	-173
2303	80734	5	330	0	-25
2304	80735	5	-306	0	271
2305	80597	1301	53	0	-265
2306	80592	1301	316	0	-208
2307	85486	7	63	0	156